+--------project.py - SH 2024 ---------------------
| project.py file_CI 
+--------                     ---------------------
|  read files :
|  proj_xm.xmo: 3CI vect, proj_xm_vb.xmo: 26VB vect, proj_xm_vb.orb:205 VB orbs, proj_xm.orb:8 CI orbs
|  Largest VB orb number,  205 , is used as offset for the  1 - 8  CI orbitals      
|  hence CI orb are now numbered from  206  to  213  and written in  proj_xm_vbp.orbb
|  use the following to compute the overlaps
$ctrl   ; ============= 26 + 3 =============.======
 nstr= 29  iprint=-1 guess=read
$end    ; 
$struc  ; ============= 26 + 3 =============.======
    1 1 2 2 3 3 4 4 5 5 6 6 7 7     ; VB  1 -0.15568
    8 8 9 9 10 10 11 11 12 12 13 13 14 14     ; VB  2 -0.0834
    15 15 16 16 17 17 18 18 19 19 20 20 21 21     ; VB  3 -0.15568
    22 22 23 23 24 24 25 25 26 26 27 27 28 29     ; VB  4 0.20997
    30 30 31 31 32 32 33 33 34 34 35 35 36 37     ; VB  5 0.07134
    38 38 39 39 40 40 41 41 42 42 43 43 44 45     ; VB  6 0.07134
    46 46 47 47 48 48 49 49 50 50 51 51 52 53     ; VB  7 0.12151
    54 54 55 55 56 56 57 57 58 58 59 59 60 61     ; VB  8 0.12151
    62 62 63 63 64 64 65 65 66 66 67 67 68 69     ; VB  9 -0.06272
    70 70 71 71 72 72 73 73 74 74 75 75 76 77     ; VB  10 -0.0627
    78 78 79 79 80 80 81 81 82 82 83 83 84 85     ; VB  11 -0.0627
    86 86 87 87 88 88 89 89 90 90 91 91 92 93     ; VB  12 -0.06272
    94 94 95 95 96 96 97 97 98 98 99 99 100 101     ; VB  13 0.04927
    102 102 103 103 104 104 105 105 106 106 107 107 108 109     ; VB  14 0.04927
    110 110 111 111 112 112 113 113 114 114 115 115 116 117     ; VB  15 0.03474
    118 118 119 119 120 120 121 121 122 122 123 123 124 125     ; VB  16 0.03474
    126 126 127 127 128 128 129 129 130 130 131 131 132 133     ; VB  17 -0.05156
    134 134 135 135 136 136 137 137 138 138 139 139 140 141     ; VB  18 -0.05156
    142 142 143 143 144 144 145 145 146 146 147 147 148 149     ; VB  19 -0.05132
    150 150 151 151 152 152 153 153 154 154 155 155 156 157     ; VB  20 -0.05132
    158 158 159 159 160 160 161 161 162 162 163 163 164 165     ; VB  21 0.10002
    166 166 167 167 168 168 169 169 170 170 171 171 172 173     ; VB  22 0.10002
    174 174 175 175 176 176 177 177 178 178 179 179 180 181     ; VB  23 -0.08658
    182 182 183 183 184 184 185 185 186 186 187 187 188 189     ; VB  24 -0.08658
    190 190 191 191 192 192 193 193 194 194 195 195 196 197     ; VB  25 -0.08668
    198 198 199 199 200 200 201 201 202 202 203 203 204 205     ; VB  26 -0.08668
   206:211 212 212         ; CI  1 -0.98167
   206:211 212 213         ; CI  2 -0.00282
   206:211 213 213         ; CI  3 0.19056
$end     ; ==========================.======
   proj_xm_vbp.orbb  written
-------------------------------------------------
$orb
 12 12 12 8 8 8 8 8 8 12 12 12 8 8 12 12 12 8 8 8 8 12 12 12 12 12 12 2 2 12 12 12 8 8 4 2 2 12 12 12 8 8 4 2 2 8 8 12 12 12 4 2 2 8 8 12 12 12 4 2 2 12 12 12 8 8 4 2 2 12 12 12 8 8 4 2 2 12 12 12 8 8 4 2 2 12 12 12 8 8 4 2 2 12 12 12 12 12 12 2 2 12 12 12 12 12 12 2 2 12 12 12 12 12 12 2 2 12 12 12 12 12 12 2 2 16 16 16 16 8 8 2 2 16 16 16 16 8 8 2 2 8 8 16 16 16 16 2 2 8 8 16 16 16 16 2 2 8 8 4 4 8 8 2 2 8 8 4 4 8 8 2 2 16 16 16 16 8 8 2 2 16 16 16 16 8 8 2 2 16 16 16 16 8 8 2 2 16 16 16 16 8 8 2 2 28 28 28 28 28 28 28 28
  1  2  9  10  13  14  5  6  17  18  19  20
  1  2  9  10  13  14  5  6  17  18  19  20
  1  2  9  10  13  14  5  6  17  18  19  20
  3  4  11  12  15  16  7  8
  3  4  11  12  15  16  7  8
  21  22  23  24  25  26  27  28
  21  22  23  24  25  26  27  28
  13  14  9  10  5  6  1  2
  13  14  9  10  5  6  1  2
  3  4  7  8  11  12  15  16  17  18  19  20
  3  4  7  8  11  12  15  16  17  18  19  20
  3  4  7  8  11  12  15  16  17  18  19  20
  21  22  23  24  25  26  27  28
  21  22  23  24  25  26  27  28
  27  28  23  24  21  22  25  26  11  12  15  16
  27  28  23  24  21  22  25  26  11  12  15  16
  27  28  23  24  21  22  25  26  11  12  15  16
  3  4  17  18  19  20  7  8
  3  4  17  18  19  20  7  8
  13  14  9  10  5  6  1  2
  13  14  9  10  5  6  1  2
  1  2  9  10  13  14  5  6  17  18  19  20
  1  2  9  10  13  14  5  6  17  18  19  20
  1  2  9  10  13  14  5  6  17  18  19  20
  27  28  23  24  21  22  25  26  11  12  15  16
  27  28  23  24  21  22  25  26  11  12  15  16
  27  28  23  24  21  22  25  26  11  12  15  16
  7  8
  3  4
  1  2  9  10  13  14  5  6  17  18  19  20
  1  2  9  10  13  14  5  6  17  18  19  20
  1  2  9  10  13  14  5  6  17  18  19  20
  3  4  11  12  15  16  7  8
  3  4  11  12  15  16  7  8
  21  22  23  24
  25  26
  27  28
  27  28  23  24  21  22  25  26  11  12  15  16
  27  28  23  24  21  22  25  26  11  12  15  16
  27  28  23  24  21  22  25  26  11  12  15  16
  3  4  17  18  19  20  7  8
  3  4  17  18  19  20  7  8
  13  14  9  10
  5  6
  1  2
  13  14  9  10  5  6  1  2
  13  14  9  10  5  6  1  2
  3  4  7  8  11  12  15  16  17  18  19  20
  3  4  7  8  11  12  15  16  17  18  19  20
  3  4  7  8  11  12  15  16  17  18  19  20
  21  22  23  24
  25  26
  27  28
  21  22  23  24  25  26  27  28
  21  22  23  24  25  26  27  28
  3  4  7  8  17  18  19  20  11  12  15  16
  3  4  7  8  17  18  19  20  11  12  15  16
  3  4  7  8  17  18  19  20  11  12  15  16
  13  14  9  10
  5  6
  1  2
  1  2  9  10  13  14  5  6  17  18  19  20
  1  2  9  10  13  14  5  6  17  18  19  20
  1  2  9  10  13  14  5  6  17  18  19  20
  11  12  25  26  15  16  7  8
  11  12  25  26  15  16  7  8
  21  22  23  24
  3  4
  27  28
  5  6  13  14  9  10  1  2  19  20  17  18
  5  6  13  14  9  10  1  2  19  20  17  18
  5  6  13  14  9  10  1  2  19  20  17  18
  15  16  27  28  11  12  3  4
  15  16  27  28  11  12  3  4
  23  24  21  22
  7  8
  25  26
  25  26  21  22  23  24  27  28  15  16  11  12
  25  26  21  22  23  24  27  28  15  16  11  12
  25  26  21  22  23  24  27  28  15  16  11  12
  19  20  1  2  17  18  3  4
  19  20  1  2  17  18  3  4
  9  10  13  14
  7  8
  5  6
  27  28  23  24  21  22  25  26  11  12  15  16
  27  28  23  24  21  22  25  26  11  12  15  16
  27  28  23  24  21  22  25  26  11  12  15  16
  17  18  5  6  19  20  7  8
  17  18  5  6  19  20  7  8
  13  14  9  10
  3  4
  1  2
  27  28  15  16  7  8  19  20  1  2  9  10
  27  28  15  16  7  8  19  20  1  2  9  10
  27  28  15  16  7  8  19  20  1  2  9  10
  21  22  25  26  11  12  3  4  17  18  5  6
  21  22  25  26  11  12  3  4  17  18  5  6
  21  22  25  26  11  12  3  4  17  18  5  6
  23  24
  13  14
  1  2  19  20  7  8  15  16  27  28  23  24
  1  2  19  20  7  8  15  16  27  28  23  24
  1  2  19  20  7  8  15  16  27  28  23  24
  13  14  5  6  17  18  3  4  11  12  25  26
  13  14  5  6  17  18  3  4  11  12  25  26
  13  14  5  6  17  18  3  4  11  12  25  26
  9  10
  21  22
  13  14  15  16  7  8  19  20  1  2  9  10
  13  14  15  16  7  8  19  20  1  2  9  10
  14  13  15  16  7  8  19  20  1  2  9  10
  21  22  25  26  11  12  3  4  17  18  23  24
  21  22  25  26  11  12  3  4  17  18  23  24
  21  22  25  26  11  12  3  4  17  18  23  24
  27  28
  5  6
  21  22  19  20  7  8  15  16  27  28  23  24
  21  22  19  20  7  8  15  16  27  28  23  24
  22  21  19  20  7  8  15  16  27  28  23  24
  13  14  5  6  17  18  3  4  11  12  9  10
  13  14  5  6  17  18  3  4  11  12  9  10
  13  14  5  6  17  18  3  4  11  12  9  10
  1  2
  25  26
  19  20  7  8  15  16  27  28  1  2  23  24  13  14  9  10
  19  20  7  8  15  16  27  28  1  2  23  24  13  14  9  10
  19  20  7  8  15  16  27  28  1  2  23  24  13  14  9  10
  19  20  7  8  15  16  27  28  1  2  23  24  13  14  9  10
  17  18  3  4  11  12  25  26
  17  18  3  4  11  12  25  26
  5  6
  21  22
  15  16  7  8  19  20  1  2  27  28  9  10  21  22  23  24
  15  16  7  8  19  20  1  2  27  28  9  10  21  22  23  24
  15  16  7  8  19  20  1  2  27  28  9  10  21  22  23  24
  15  16  7  8  19  20  1  2  27  28  9  10  21  22  23  24
  11  12  3  4  17  18  5  6
  11  12  3  4  17  18  5  6
  25  26
  13  14
  19  20  7  8  15  16  27  28
  19  20  7  8  15  16  27  28
  13  14  5  6  17  18  3  4  11  12  9  10  21  22  25  26
  13  14  5  6  17  18  3  4  11  12  9  10  21  22  25  26
  13  14  5  6  17  18  3  4  11  12  9  10  21  22  25  26
  13  14  5  6  17  18  3  4  11  12  9  10  21  22  25  26
  1  2
  23  24
  15  16  7  8  19  20  1  2
  15  16  7  8  19  20  1  2
  21  22  25  26  11  12  3  4  17  18  23  24  13  14  5  6
  21  22  25  26  11  12  3  4  17  18  23  24  13  14  5  6
  21  22  25  26  11  12  3  4  17  18  23  24  13  14  5  6
  21  22  25  26  11  12  3  4  17  18  23  24  13  14  5  6
  27  28
  9  10
  13  14  9  10  5  6  1  2
  13  14  9  10  5  6  1  2
  7  8  15  16
  3  4  17  18
  21  22  23  24  25  26  27  28
  21  22  23  24  25  26  27  28
  19  20
  11  12
  21  22  23  24  25  26  27  28
  21  22  23  24  25  26  27  28
  7  8  19  20
  3  4  11  12
  13  14  9  10  5  6  1  2
  13  14  9  10  5  6  1  2
  15  16
  17  18
  27  28  15  16  7  8  19  20  1  2  9  10  13  14  5  6
  27  28  15  16  7  8  19  20  1  2  9  10  13  14  5  6
  27  28  15  16  7  8  19  20  1  2  9  10  13  14  5  6
  27  28  15  16  7  8  19  20  1  2  9  10  13  14  5  6
  21  22  25  26  11  12  3  4
  21  22  25  26  11  12  3  4
  23  24
  17  18
  1  2  19  20  7  8  15  16  27  28  23  24  21  22  25  26
  1  2  19  20  7  8  15  16  27  28  23  24  21  22  25  26
  1  2  19  20  7  8  15  16  27  28  23  24  21  22  25  26
  1  2  19  20  7  8  15  16  27  28  23  24  21  22  25  26
  13  14  5  6  17  18  3  4
  13  14  5  6  17  18  3  4
  9  10
  11  12
  25  26  11  12  3  4  17  18  1  2  9  10  13  14  5  6
  25  26  11  12  3  4  17  18  1  2  9  10  13  14  5  6
  25  26  11  12  3  4  17  18  1  2  9  10  13  14  5  6
  25  26  11  12  3  4  17  18  1  2  9  10  13  14  5  6
  23  24  27  28  7  8  15  16
  23  24  27  28  7  8  15  16
  21  22
  19  20
  5  6  17  18  3  4  11  12  27  28  23  24  21  22  25  26
  5  6  17  18  3  4  11  12  27  28  23  24  21  22  25  26
  5  6  17  18  3  4  11  12  27  28  23  24  21  22  25  26
  5  6  17  18  3  4  11  12  27  28  23  24  21  22  25  26
  9  10  1  2  7  8  19  20
  9  10  1  2  7  8  19  20
  13  14
  15  16
  1  2  3  4  5  6  7  8  9  10  11  12  13  14  15  16  17  18  19  20  21  22  23  24  25  26  27  28
  1  2  3  4  5  6  7  8  9  10  11  12  13  14  15  16  17  18  19  20  21  22  23  24  25  26  27  28
  1  2  3  4  5  6  7  8  9  10  11  12  13  14  15  16  17  18  19  20  21  22  23  24  25  26  27  28
  1  2  3  4  5  6  7  8  9  10  11  12  13  14  15  16  17  18  19  20  21  22  23  24  25  26  27  28
  1  2  3  4  5  6  7  8  9  10  11  12  13  14  15  16  17  18  19  20  21  22  23  24  25  26  27  28
  1  2  3  4  5  6  7  8  9  10  11  12  13  14  15  16  17  18  19  20  21  22  23  24  25  26  27  28
  1  2  3  4  5  6  7  8  9  10  11  12  13  14  15  16  17  18  19  20  21  22  23  24  25  26  27  28
  1  2  3  4  5  6  7  8  9  10  11  12  13  14  15  16  17  18  19  20  21  22  23  24  25  26  27  28
$end
