0.6583  -0.0757 0.0044
0.4298  0.2448  0.0697
0.6583  -0.0757 0.0044
-0.5375 0.0053  0.6376
-0.3767 -0.0160 0.0037
-0.3767 -0.0160 0.0037
-0.4426 0.0095  0.0014
-0.4426 0.0095  0.0014
0.2360  -0.0009 -0.1145
0.2378  0.0026  -0.1558
0.2378  0.0026  -0.1558
0.2360  -0.0009 -0.1145
-0.2815 -0.0026 0.0055
-0.2815 -0.0026 0.0055
-0.2875 -0.0039 0.0061
-0.2875 -0.0039 0.0061
0.2909  0.0021  -0.0055
0.2909  0.0021  -0.0055
0.2909  0.0033  -0.0085
0.3783  0.0004  -0.0152
1.0000  -0.0000 0.0000
-0.0000 1.0000  -0.0000
0.0000  -0.0000 1.0000
0.3784  0.0059  -0.0135
0.3783  0.0004  -0.0152
0.0000  0.0000  0.0000
