$orb  12  12  12   8   8   8   8   8   8  12  12  12   8   8  12  12  12   8   8   8   8  12  12  12  12  12  12   2   2  12  12  12   8   8   4   2   2  12  12  12   8   8   4   2   2   8   8  12  12  12   4   2   2   8   8  12  12  12   4   2   2  12  12  12   8   8   4   2   2  12  12  12   8   8   4   2   2  12  12  12   8   8   4   2   2  12  12  12   8   8   4   2   2  12  12  12  12  12  12   2   2  12  12  12  12  12  12   2   2  12  12  12  12  12  12   2   2  12  12  12  12  12  12   2   2  16  16  16  16   8   8   2   2  16  16  16  16   8   8   2   2   8   8  16  16  16  16   2   2   8   8  16  16  16  16   2   2   8   8   4   4   8   8   2   2   8   8   4   4   8   8   2   2  16  16  16  16   8   8   2   2  16  16  16  16   8   8   2   2  16  16  16  16   8   8   2   2  16  16  16  16   8   8   2   2  28  28  28  28  28  28  28  28
   1   2   9  10  13  14   5   6  17  18  19  20
   1   2   9  10  13  14   5   6  17  18  19  20
   1   2   9  10  13  14   5   6  17  18  19  20
   3   4  11  12  15  16   7   8
   3   4  11  12  15  16   7   8
  21  22  23  24  25  26  27  28
  21  22  23  24  25  26  27  28
  13  14   9  10   5   6   1   2
  13  14   9  10   5   6   1   2
   3   4   7   8  11  12  15  16  17  18  19  20
   3   4   7   8  11  12  15  16  17  18  19  20
   3   4   7   8  11  12  15  16  17  18  19  20
  21  22  23  24  25  26  27  28
  21  22  23  24  25  26  27  28
  27  28  23  24  21  22  25  26  11  12  15  16
  27  28  23  24  21  22  25  26  11  12  15  16
  27  28  23  24  21  22  25  26  11  12  15  16
   3   4  17  18  19  20   7   8
   3   4  17  18  19  20   7   8
  13  14   9  10   5   6   1   2
  13  14   9  10   5   6   1   2
   1   2   9  10  13  14   5   6  17  18  19  20
   1   2   9  10  13  14   5   6  17  18  19  20
   1   2   9  10  13  14   5   6  17  18  19  20
  27  28  23  24  21  22  25  26  11  12  15  16
  27  28  23  24  21  22  25  26  11  12  15  16
  27  28  23  24  21  22  25  26  11  12  15  16
   7   8
   3   4
   1   2   9  10  13  14   5   6  17  18  19  20
   1   2   9  10  13  14   5   6  17  18  19  20
   1   2   9  10  13  14   5   6  17  18  19  20
   3   4  11  12  15  16   7   8
   3   4  11  12  15  16   7   8
  21  22  23  24
  25  26
  27  28
  27  28  23  24  21  22  25  26  11  12  15  16
  27  28  23  24  21  22  25  26  11  12  15  16
  27  28  23  24  21  22  25  26  11  12  15  16
   3   4  17  18  19  20   7   8
   3   4  17  18  19  20   7   8
  13  14   9  10
   5   6
   1   2
  13  14   9  10   5   6   1   2
  13  14   9  10   5   6   1   2
   3   4   7   8  11  12  15  16  17  18  19  20
   3   4   7   8  11  12  15  16  17  18  19  20
   3   4   7   8  11  12  15  16  17  18  19  20
  21  22  23  24
  25  26
  27  28
  21  22  23  24  25  26  27  28
  21  22  23  24  25  26  27  28
   3   4   7   8  17  18  19  20  11  12  15  16
   3   4   7   8  17  18  19  20  11  12  15  16
   3   4   7   8  17  18  19  20  11  12  15  16
  13  14   9  10
   5   6
   1   2
   1   2   9  10  13  14   5   6  17  18  19  20
   1   2   9  10  13  14   5   6  17  18  19  20
   1   2   9  10  13  14   5   6  17  18  19  20
  11  12  25  26  15  16   7   8
  11  12  25  26  15  16   7   8
  21  22  23  24
   3   4
  27  28
   5   6  13  14   9  10   1   2  19  20  17  18
   5   6  13  14   9  10   1   2  19  20  17  18
   5   6  13  14   9  10   1   2  19  20  17  18
  15  16  27  28  11  12   3   4
  15  16  27  28  11  12   3   4
  23  24  21  22
   7   8
  25  26
  25  26  21  22  23  24  27  28  15  16  11  12
  25  26  21  22  23  24  27  28  15  16  11  12
  25  26  21  22  23  24  27  28  15  16  11  12
  19  20   1   2  17  18   3   4
  19  20   1   2  17  18   3   4
   9  10  13  14
   7   8
   5   6
  27  28  23  24  21  22  25  26  11  12  15  16
  27  28  23  24  21  22  25  26  11  12  15  16
  27  28  23  24  21  22  25  26  11  12  15  16
  17  18   5   6  19  20   7   8
  17  18   5   6  19  20   7   8
  13  14   9  10
   3   4
   1   2
  27  28  15  16   7   8  19  20   1   2   9  10
  27  28  15  16   7   8  19  20   1   2   9  10
  27  28  15  16   7   8  19  20   1   2   9  10
  21  22  25  26  11  12   3   4  17  18   5   6
  21  22  25  26  11  12   3   4  17  18   5   6
  21  22  25  26  11  12   3   4  17  18   5   6
  23  24
  13  14
   1   2  19  20   7   8  15  16  27  28  23  24
   1   2  19  20   7   8  15  16  27  28  23  24
   1   2  19  20   7   8  15  16  27  28  23  24
  13  14   5   6  17  18   3   4  11  12  25  26
  13  14   5   6  17  18   3   4  11  12  25  26
  13  14   5   6  17  18   3   4  11  12  25  26
   9  10
  21  22
  13  14  15  16   7   8  19  20   1   2   9  10
  13  14  15  16   7   8  19  20   1   2   9  10
  14  13  15  16   7   8  19  20   1   2   9  10
  21  22  25  26  11  12   3   4  17  18  23  24
  21  22  25  26  11  12   3   4  17  18  23  24
  21  22  25  26  11  12   3   4  17  18  23  24
  27  28
   5   6
  21  22  19  20   7   8  15  16  27  28  23  24
  21  22  19  20   7   8  15  16  27  28  23  24
  22  21  19  20   7   8  15  16  27  28  23  24
  13  14   5   6  17  18   3   4  11  12   9  10
  13  14   5   6  17  18   3   4  11  12   9  10
  13  14   5   6  17  18   3   4  11  12   9  10
   1   2
  25  26
  19  20   7   8  15  16  27  28   1   2  23  24  13  14   9  10
  19  20   7   8  15  16  27  28   1   2  23  24  13  14   9  10
  19  20   7   8  15  16  27  28   1   2  23  24  13  14   9  10
  19  20   7   8  15  16  27  28   1   2  23  24  13  14   9  10
  17  18   3   4  11  12  25  26
  17  18   3   4  11  12  25  26
   5   6
  21  22
  15  16   7   8  19  20   1   2  27  28   9  10  21  22  23  24
  15  16   7   8  19  20   1   2  27  28   9  10  21  22  23  24
  15  16   7   8  19  20   1   2  27  28   9  10  21  22  23  24
  15  16   7   8  19  20   1   2  27  28   9  10  21  22  23  24
  11  12   3   4  17  18   5   6
  11  12   3   4  17  18   5   6
  25  26
  13  14
  19  20   7   8  15  16  27  28
  19  20   7   8  15  16  27  28
  13  14   5   6  17  18   3   4  11  12   9  10  21  22  25  26
  13  14   5   6  17  18   3   4  11  12   9  10  21  22  25  26
  13  14   5   6  17  18   3   4  11  12   9  10  21  22  25  26
  13  14   5   6  17  18   3   4  11  12   9  10  21  22  25  26
   1   2
  23  24
  15  16   7   8  19  20   1   2
  15  16   7   8  19  20   1   2
  21  22  25  26  11  12   3   4  17  18  23  24  13  14   5   6
  21  22  25  26  11  12   3   4  17  18  23  24  13  14   5   6
  21  22  25  26  11  12   3   4  17  18  23  24  13  14   5   6
  21  22  25  26  11  12   3   4  17  18  23  24  13  14   5   6
  27  28
   9  10
  13  14   9  10   5   6   1   2
  13  14   9  10   5   6   1   2
   7   8  15  16
   3   4  17  18
  21  22  23  24  25  26  27  28
  21  22  23  24  25  26  27  28
  19  20
  11  12
  21  22  23  24  25  26  27  28
  21  22  23  24  25  26  27  28
   7   8  19  20
   3   4  11  12
  13  14   9  10   5   6   1   2
  13  14   9  10   5   6   1   2
  15  16
  17  18
  27  28  15  16   7   8  19  20   1   2   9  10  13  14   5   6
  27  28  15  16   7   8  19  20   1   2   9  10  13  14   5   6
  27  28  15  16   7   8  19  20   1   2   9  10  13  14   5   6
  27  28  15  16   7   8  19  20   1   2   9  10  13  14   5   6
  21  22  25  26  11  12   3   4
  21  22  25  26  11  12   3   4
  23  24
  17  18
   1   2  19  20   7   8  15  16  27  28  23  24  21  22  25  26
   1   2  19  20   7   8  15  16  27  28  23  24  21  22  25  26
   1   2  19  20   7   8  15  16  27  28  23  24  21  22  25  26
   1   2  19  20   7   8  15  16  27  28  23  24  21  22  25  26
  13  14   5   6  17  18   3   4
  13  14   5   6  17  18   3   4
   9  10
  11  12
  25  26  11  12   3   4  17  18   1   2   9  10  13  14   5   6
  25  26  11  12   3   4  17  18   1   2   9  10  13  14   5   6
  25  26  11  12   3   4  17  18   1   2   9  10  13  14   5   6
  25  26  11  12   3   4  17  18   1   2   9  10  13  14   5   6
  23  24  27  28   7   8  15  16
  23  24  27  28   7   8  15  16
  21  22
  19  20
   5   6  17  18   3   4  11  12  27  28  23  24  21  22  25  26
   5   6  17  18   3   4  11  12  27  28  23  24  21  22  25  26
   5   6  17  18   3   4  11  12  27  28  23  24  21  22  25  26
   5   6  17  18   3   4  11  12  27  28  23  24  21  22  25  26
   9  10   1   2   7   8  19  20
   9  10   1   2   7   8  19  20
  13  14
  15  16
   1   2   3   4   5   6   7   8   9  10  11  12  13  14  15  16  17  18  19  20  21  22  23  24  25  26  27  28
   1   2   3   4   5   6   7   8   9  10  11  12  13  14  15  16  17  18  19  20  21  22  23  24  25  26  27  28
   1   2   3   4   5   6   7   8   9  10  11  12  13  14  15  16  17  18  19  20  21  22  23  24  25  26  27  28
   1   2   3   4   5   6   7   8   9  10  11  12  13  14  15  16  17  18  19  20  21  22  23  24  25  26  27  28
   1   2   3   4   5   6   7   8   9  10  11  12  13  14  15  16  17  18  19  20  21  22  23  24  25  26  27  28
   1   2   3   4   5   6   7   8   9  10  11  12  13  14  15  16  17  18  19  20  21  22  23  24  25  26  27  28
   1   2   3   4   5   6   7   8   9  10  11  12  13  14  15  16  17  18  19  20  21  22  23  24  25  26  27  28
   1   2   3   4   5   6   7   8   9  10  11  12  13  14  15  16  17  18  19  20  21  22  23  24  25  26  27  28
$end